{
  "clean_acc": 60.369998931884766,
  "bd_acc": 27.09000015258789,
  "cross_acc": 55.619998931884766
}